24869612
24700440
24684867
24668341
24646528
24374517
23888806
23859583
23732266
23692520
23579520
23503942
23415202
23394263
23386239
23386157
23290595
23241869
23239295
23098130
23088880
22869405
22841176
22824858
22643271
22580592
22546132
22533576
22392173
22351680
22325382
22305331
22221415
22191292
22167005
22152877
22145605
22127092
22009520
21997432
21992808
21964835
21943467
21906396
21729308
21683209
21654295
21550483
21533892
21514602
21502457
21450436
21375190
21341129
21329493
21232191
21158332
21142385
21046287
20961412
20927545
20822740
20797745
20737172
20645506
20639825
20638515
20632312
20630426
20582544
20561765
20552369
20514832
20496094
20379739
20297616
20137360
20127199
20119730
19943593
19847874
19843742
19843741
19692885
19689484
19672084
19579613
19542400
19517167
19508549
19390196
19358184
19306980
19277796
19260568
19185439
19164615
19098079
19040944
18998368
18841382
18723709
18660392
18604118
18581961
18553045
18521695
18486093
18436178
18418861
18358937
18350341
18287979
18043966
18022782
17939131
17870498
17760392
17660129
17629058
17566826
17437361
17365999
17219281
17192450
17122613
17103286
17021716
16769001
16736333
16532160
16494543
16320795
16199711
16135930
16132334
16034758
16015695
15995103
15943731
15940172
15912982
15821618
15809382
15800990
15791379
15784220
15783013
15721000
15717240
15670021
15645323
15609378
15573244
15529837
15372178
15359387
15258869
15136349
15080514
15026904
14768141
14691709
14691696
14588157
14532920
14518308
12763410
12739123
12728377
12697917
12632352
12506292
12362098
12360459
12194123
12148423
12098059
12049313
12045083
11967756
11807363
11668227
11585505
11558012
11383861
11285968
11283528
11269551
11182396
11167866
11103723
11083213
11030676
10930484
10921186
10858683
10815376
10803997
10694074
10638055
10594201
10551210
10532129
10493202
10487595
10436631
10433143
10391166
10356580
10349191
10231206
10207461
10076613
10074991
10027359
9931810
9931808
9880886
9880871
9880867
9880422
9876729
9693967
9623186
9612103
9568649
9562281
9560127
9550848
9499281
9391198
9417171
9404876
9396535
9337167
9294274
9282768
9267272
9248988
9242338
9230853
9420396
9189105
9480246
9196342
9094272
9094268
9135242
9135241
9069134
9574377
9297886
9167375
10179576
8956810
8891621
8620275
8661828
8950444
8588406
8592927
8527975
8539103
7677456
7552028
7588144
7648084
7611871
7488661
7548380
7743448
9457980
7660268
7612771
7610351
7710799
7597610
7840381
7749676
7738734
7638913
8000659
7640447
7869368
7706179
7945068
7944037
7990319
7990318
7967862
7967390
7957131
8203983
8162812
7911147
8313090
8287747
8186313
7707647
8298936
8273845
8256930
8103144
8262872
8338286
8369940
8330170
8324675
8482307
8352508
7805509
1387739
1393483
1416684
1608680
1522663
1603146
1625127
1377245
1559861
1679490
1960860
1669397
2042419
1950214
1879186
2086794
2301717
2666252
2656877
2660322
2647050
2690723
2686291
3194074
3153369
3153362
2899496
2891754
3312564
3300120
3026017
3094664
3524217
3533292
3911877
2860183
6614325
6859420
6404238
6337420
6660827
6342959
6336864
6749270
7105849
6802331
7025769
7280636
7000226
380735
375554
646499
344914
768618
4594585
4552594
4104846
5204649
4879585
5323325
4862222
23415202
21964835
21683209
21550483
20137360
20127199
19358184
19277796
19040944
17870498
17437361
16736333
15529837
14691709
12632352
10231206
9568649
8620275
7710799
7749676
1879186
6404238
6337420